[[List of counties in Wisconsin]]

CATEGORIES: Lists of U.S. counties by state, Wisconsin counties, Wisconsin geography-related lists

Image:Wisconsin-counties-map.gif|thumb|right|380px|Wisconsin counties (clickable map)
poly 217 103 253 146 263 93 216 150 218 178 232 176 243 155 280 75 266 147 266 180 241 186 210 188 208 101 242 91 253 92 239 105 230 152 229 161 228 167 265 188 284 69 221 91 232 104 252 129 255 165 259 173 Bayfield
poly 290 133 300 145 299 178 290 210 309 199 298 140 311 127 306 137 307 161 314 168 316 191 321 192 340 211 338 222 291 221 280 151 282 194 299 198 301 123 288 134 287 154 285 161 291 169 294 178 279 209 303 120 315 144 313 150 Ashland
poly 327 135 332 170 362 214 384 197 357 144 324 173 341 141 346 143 Iron
poly 129 113 183 115 179 161 149 175 128 183 179 181 193 172 125 158 125 175 126 184 135 171 146 169 196 108 195 141 132 137 123 147 134 144 150 179 119 124 179 185 185 162 182 109 190 106 155 131 138 135 170 135 177 125 128 123 132 133 118 154 120 190 173 188 188 188 193 151 Douglas
poly 147 204 188 250 157 274 148 274 183 277 191 269 192 213 195 205 148 248 148 263 156 260 164 256 158 269 181 201 191 204 Washburn
poly 406 187 482 216 481 239 437 236 398 231 490 211 407 196 405 223 414 216 424 215 433 209 491 233 496 221 403 182 398 211 398 234 Vilas
poly 126 219 84 251 51 274 74 242 69 238 120 253 133 268 103 258 90 257 118 206 132 202 135 224 132 240 135 256 119 239 71 272 66 240 Burnett
poly 213 213 256 220 271 264 229 275 212 279 299 277 299 254 295 240 295 234 259 208 220 207 215 241 228 251 245 230 250 251 244 262 216 269 216 277 230 219 239 228 205 223 207 265 256 258 255 267 253 230 Sawyer
poly 318 239 366 246 305 316 328 322 363 325 370 296 372 274 372 260 372 244 316 272 314 292 311 302 324 284 311 254 376 323 Price
poly 70 288 101 295 107 337 78 345 62 343 110 347 113 286 104 275 78 320 67 335 74 343 87 331 94 332 104 330 117 335 121 349 56 347 124 285 65 295 66 307 76 304 Polk
poly 734 364 698 434 676 434 700 443 695 428 687 425 718 411 704 441 672 444 671 429 760 328 758 326 Door
poly 565 240 592 263 590 245 602 240 607 247 548 264 568 271 550 253 550 230 561 230 581 235 589 237 Florence
poly 388 312 401 327 389 308 408 313 449 336 445 368 413 371 386 367 444 312 408 326 394 346 385 349 389 357 422 309 429 310 403 322 387 329 390 336 445 320 446 322 410 337 Lincoln
poly 134 293 144 313 140 355 168 348 191 347 191 319 190 299 194 294 Barron
poly 214 294 214 302 285 309 246 332 215 335 239 296 279 295 293 317 286 327 261 335 244 340 244 322 256 321 208 314 209 326 231 296 254 315 254 319 Rusk
poly 398 251 470 282 464 308 491 306 482 257 391 293 437 292 437 255 457 252 394 273 395 281 454 290 461 299 495 256 496 274 450 255 Oneida
poly 507 234 525 240 526 307 509 293 544 287 562 318 552 322 526 317 511 305 568 284 568 301 510 274 534 262 543 284 554 282 508 286 532 239 534 255 535 262 503 294 Forest
poly 287 341 324 367 284 372 369 343 369 363 349 365 349 382 318 384 294 384 279 381 278 347 329 345 343 346 349 345 326 351 345 337 353 340 Taylor
poly 590 286 631 330 628 383 664 386 653 343 586 318 601 352 615 356 621 371 630 301 632 281 643 300 638 315 583 295 612 281 622 299 Marinette
poly 464 333 488 366 524 361 541 346 536 336 493 328 493 386 482 331 465 359 470 328 535 367 539 369 526 371 524 371 504 369 502 384 465 363 473 323 490 329 Langlade
poly 261 752 309 740 305 775 309 808 320 787 321 746 322 716 268 777 289 786 299 802 299 771 Grant
poly 336 779 341 805 391 804 391 782 335 817 394 818 397 804 397 782 Lafayette
poly 409 773 454 776 409 781 443 803 422 820 408 812 453 815 457 785 413 804 428 807 446 779 Green
poly 471 776 499 792 474 819 522 818 534 800 533 781 467 795 472 802 499 775 516 782 483 803 Rock
poly 548 781 561 792 553 816 588 818 591 794 589 781 546 792 546 778 546 800 558 776 580 776 586 782 553 801 Walworth
poly 338 719 360 736 344 760 389 759 397 729 394 718 340 742 341 755 361 719 388 720 373 720 365 720 344 728 379 726 Iowa
poly 607 813 622 805 642 801 622 801 652 801 653 816 619 817 603 816 621 801 Kenosha
poly 608 773 618 773 604 787 639 788 656 783 656 774 604 771 603 793 603 776 599 775 602 792 Racine
poly 416 704 450 729 418 751 412 750 478 747 495 725 495 707 495 701 416 720 418 734 421 739 433 733 449 696 498 743 490 751 471 723 433 739 451 719 Dane
poly 516 720 519 723 560 722 559 748 519 753 513 757 568 757 523 744 514 744 Jefferson
poly 590 658 597 675 583 693 605 699 616 686 616 664 617 654 Washington
poly 521 643 521 658 521 692 576 649 567 687 556 646 551 694 549 655 561 645 572 641 533 697 533 654 543 659 543 651 537 663 Dodge
poly 371 640 410 643 365 689 386 690 397 684 412 668 421 658 369 654 362 662 371 674 380 667 421 646 423 655 369 648 Sauk
poly 575 716 573 718 575 750 600 749 618 718 613 746 608 716 614 752 604 719 Waukesha
poly 632 717 634 742 632 758 650 758 644 719 Milwaukee
poly 637 655 636 696 647 655 630 700 632 653 647 653 649 655 651 661 643 667 Ozaukee
poly 447 641 448 675 496 677 495 646 Columbia
poly 258 679 249 710 253 685 277 692 282 708 271 719 254 726 298 671 256 699 270 674 Crawford
poly 309 654 308 695 350 688 350 658 Richland
poly 519 386 539 388 550 404 556 392 561 405 552 413 546 387 559 387 520 399 544 408 556 414 561 388 Menominee
poly 493 407 503 433 527 435 573 435 582 451 569 457 537 425 502 435 498 422 519 417 Shawano
poly 381 406 404 415 442 435 424 448 366 444 356 415 375 381 424 385 448 399 455 418 449 435 Marathon
poly 199 366 204 395 239 404 262 387 263 374 259 360 243 353 210 356 192 382 200 400 209 408 220 410 239 410 256 412 262 398 231 394 Chippewa
poly 136 375 137 399 140 428 158 444 171 432 176 410 164 385 164 373 151 363 133 366 Dunn
poly 126 483 120 479 117 476 126 475 129 465 131 458 131 454 142 452 154 452 168 453 127 450 131 467 127 488 118 486 112 484 111 479 113 477 148 451 Pepin
poly 149 473 149 497 161 516 174 528 191 518 186 500 187 491 188 480 175 471 Buffalo
poly 63 428 71 445 86 458 100 458 109 442 114 426 95 420 67 423 Pierce
poly 352 536 369 539 375 555 377 575 383 597 381 614 368 619 359 619 352 615 Juneau
poly 444 537 446 555 460 564 489 566 508 561 510 544 510 536 Waushara
poly 430 480 435 503 447 507 457 507 467 502 472 497 472 483 472 470 460 464 429 467 Portage
poly 496 585 509 589 516 602 512 615 503 621 495 621 483 614 513 585 Green Lake
poly 594 536 589 555 596 562 604 564 611 565 616 565 619 557 619 551 620 541 Calumet
poly 444 581 440 601 450 616 461 614 470 604 476 595 477 582 477 578 Marquette
poly 673 460 685 465 683 490 671 503 662 495 662 467 Kewaunee
poly 621 595 644 599 658 621 646 632 632 635 619 633 Sheboygan
poly 658 524 664 537 657 561 636 570 624 558 639 532 673 523 Manitowoc
poly 244 624 238 645 259 658 272 660 286 654 295 633 302 622 Vernon
poly 564 476 589 494 580 505 568 509 551 506 546 485 578 476 594 478 601 488 602 495 593 504 571 513 569 495 578 497 Outagamie
poly 492 460 515 467 519 484 521 501 516 516 506 517 493 517 485 517 483 466 Waupaca
poly 213 472 234 486 232 509 232 528 223 540 215 544 205 544 194 539 Trempealeau
poly 83 367 105 374 109 390 97 403 82 414 68 408 60 400 52 388 59 371 70 362 107 365 115 374 115 386 115 405 108 410 St. Croix
poly 203 426 223 426 243 434 249 444 249 454 236 460 219 456 201 450 190 441 186 429 Eau Claire
poly 544 600 541 618 557 624 584 634 599 634 609 615 610 601 596 589 572 589 550 596 Fond du Lac
poly 257 495 255 513 259 528 277 526 297 526 311 521 311 511 309 505 303 500 290 499 270 493 256 487 253 482 247 485 247 502 248 534 252 539 262 539 273 535 298 533 313 533 325 527 327 516 286 513 265 511 261 519 261 523 279 520 Jackson
poly 285 404 282 429 283 453 293 475 308 476 321 476 338 469 341 455 341 434 340 418 331 403 Clark
poly 240 570 231 581 231 597 240 600 255 600 261 598 266 593 268 576 266 566 256 563 238 561 231 567 226 575 La Crosse
poly 303 550 282 566 281 587 292 598 306 600 324 599 329 592 330 581 329 568 324 558 318 553 308 553 294 559 336 606 338 588 338 578 335 556 328 548 316 545 302 545 290 545 283 547 278 558 276 573 276 590 296 604 321 605 313 560 294 584 304 592 324 575 292 568 286 583 278 603 316 609 333 609 338 554 Monroe
poly 565 353 581 353 581 361 582 370 582 385 582 399 582 406 586 411 595 410 601 410 601 397 601 389 601 384 604 387 604 405 608 420 610 429 615 441 622 441 631 432 634 426 638 411 Oconto
poly 410 538 422 546 423 562 424 571 424 587 424 592 422 601 417 607 408 608 404 608 394 596 392 591 393 575 395 556 396 546 421 538 426 558 427 570 431 588 431 607 431 617 427 623 423 623 420 623 414 622 415 581 419 575 420 575 421 591 Adams
poly 361 465 374 464 386 466 396 470 396 479 398 492 400 508 393 515 384 515 370 515 362 514 359 513 353 512 351 488 352 473 353 468 394 461 404 503 404 517 396 518 390 506 388 490 388 481 388 476 390 474 393 473 395 499 398 504 Wood
poly 619 481 618 500 618 511 630 510 640 505 647 497 648 489 648 481 614 475 614 495 614 510 622 517 633 517 627 504 622 503 Brown
poly 540 541 528 565 543 583 567 577 570 563 562 545 539 540 528 556 547 568 549 560 541 555 555 558 532 537 577 539 Winnebago
desc bottom-left

The state of Wisconsin in the United States has 72 counties. The land that eventually became Wisconsin was transferred from British to American control with the 1783 signing of the Treaty of Paris. It was an unorganized part of the Northwest Territory until 1802 when all of the land from St. Louis north to the Canadian border was organized as St. Clair County.  When Illinois was admitted to the union in 1818, Wisconsin became part of the Territory of Michigan and divided into two counties: Brown County in the northeast along Lake Michigan and Crawford County in the southwest along the Mississippi River. Iowa County was formed in 1829 from the Crawford County land south of the Wisconsin River. Brown County's southern portion was used to form Milwaukee County in 1834. The state of Wisconsin was created from Wisconsin Territory on May 29, 1848, with 28 counties.
Counties in Wisconsin are governed by county boards, headed by a chairperson. Counties with a population of 500,000 or more must also have a county executive.  Smaller counties may have either a county executive or a county administrator. State of Wisconsin 2011-2012 Blue Book, p. 736. ISBN  978-0-9752820-1-4 As of 2011, 13 counties had elected county executives: Brown, Chippewa, Dane, Fond du Lac, Kenosha, Manitowoc, Milwaukee, Outagamie, Portage, Racine, Sawyer, Waukesha, and Winnebago. 23 had an appointed county administrator, 34 had an appointed administrative coordinator, and 2 had neither an executive nor an administrator. Waukesha County had both an executive and an administrator. State of Wisconsin 2011-2012 Blue Book, p. 732. ISBN  978-0-9752820-1-4
Each county has a county seat, often a populous or centrally located community, where the county's governmental offices are located. Some of the services provided by the county include: law enforcement, circuit courts, social services, vital records and deed registration, road maintenance, and snow removal. County officials include sheriffs, district attorneys, clerks, treasurers, coroners, surveyors, registers of deeds, and clerks of circuit court; these officers are elected for four-year terms. In most counties, elected coroners have been replaced by appointed medical examiners. State law permits counties to appoint a registered land surveyor in place of electing a surveyor.
The most populous county in the state is Milwaukee County at 947,735 people at the 2010 census. Its population is bolstered by the city of Milwaukee's 594,833 people. The county with the least population is Menominee County with 4232 residents; the Menominee Indian Reservation is co-extensive with the county. Pepin County is the smallest in area, with .
The Federal Information Processing Standard (FIPS) code, which is used by the United States government to uniquely identify states and counties, is provided with each entry. 

List of counties


|}

Renamed and proposed counties

Five counties in Wisconsin have been renamed and one was proposed. 






